{
  "advancedEditorSelectedIdentifier" : "ShaderGraphEditorPluginID",
  "openSceneRelativePaths" : [
    "Scene.usda"
  ],
  "recentIdentifiers" : {
    "D66134B1-3681-4A8E-AFE5-29F257229F3B" : [

    ]
  },
  "sceneCameraHistory" : {
    "D66134B1-3681-4A8E-AFE5-29F257229F3B" : [
      {
        "date" : 733055219.211034,
        "title" : "Untitled",
        "transform" : [
          0.6372241,
          -1.2910289e-08,
          -0.7706785,
          0,
          -0.42336777,
          0.8355963,
          -0.35005522,
          0,
          0.64397633,
          0.549344,
          0.53246194,
          0,
          0.14328988,
          0.15540864,
          0.1292206,
          1
        ]
      },
      {
        "date" : 733055178.29925,
        "title" : "Untitled",
        "transform" : [
          0.8745879,
          -1.5610203e-08,
          -0.4848672,
          0,
          -0.3016917,
          0.7828464,
          -0.5441817,
          0,
          0.37957668,
          0.62221503,
          0.6846679,
          0,
          0.07772162,
          0.16915241,
          0.15697531,
          1
        ]
      },
      {
        "date" : 733055170.290035,
        "title" : "Untitled",
        "transform" : [
          0.8745879,
          -1.5610203e-08,
          -0.4848672,
          0,
          -0.3016917,
          0.7828464,
          -0.5441817,
          0,
          0.37957668,
          0.62221503,
          0.6846679,
          0,
          0.14196816,
          0.27624774,
          0.2826952,
          1
        ]
      },
      {
        "date" : 733054900.705464,
        "title" : "Untitled",
        "transform" : [
          0.6701765,
          -1.5429649e-08,
          -0.7422018,
          0,
          -0.44645727,
          0.79884964,
          -0.40313178,
          0,
          0.5929078,
          0.60153073,
          0.5353702,
          0,
          0.11817033,
          0.1369071,
          0.11558951,
          1
        ]
      },
      {
        "date" : 733054891.828869,
        "title" : "Untitled",
        "transform" : [
          0.6701765,
          -1.5429649e-08,
          -0.7422018,
          0,
          -0.44645727,
          0.79884964,
          -0.40313178,
          0,
          0.5929078,
          0.60153073,
          0.5353702,
          0,
          0.108435735,
          0.12562902,
          0.106067516,
          1
        ]
      },
      {
        "date" : 733054385.539385,
        "title" : "Untitled",
        "transform" : [
          0.6701765,
          -1.5429649e-08,
          -0.7422018,
          0,
          -0.44645727,
          0.79884964,
          -0.40313178,
          0,
          0.5929078,
          0.60153073,
          0.5353702,
          0,
          0.11593949,
          0.13432255,
          0.11340739,
          1
        ]
      },
      {
        "date" : 733054354.634992,
        "title" : "Untitled",
        "transform" : [
          0.67081046,
          -1.5429649e-08,
          -0.7416289,
          0,
          -0.4461126,
          0.79884964,
          -0.40351313,
          0,
          0.59245014,
          0.60153073,
          0.53587663,
          0,
          0.12245296,
          0.12457724,
          0.10564753,
          1
        ]
      },
      {
        "date" : 733054352.53643,
        "title" : "Untitled",
        "transform" : [
          0.67081046,
          -1.5429649e-08,
          -0.7416289,
          0,
          -0.4461126,
          0.79884964,
          -0.40351313,
          0,
          0.59245014,
          0.60153073,
          0.53587663,
          0,
          0.17471261,
          0.17774348,
          0.15073507,
          1
        ]
      },
      {
        "date" : 732490457.332097,
        "title" : "Untitled",
        "transform" : [
          0.7416102,
          -1.6058918e-08,
          -0.67083097,
          0,
          -0.41854838,
          0.78148407,
          -0.46270937,
          0,
          0.52424383,
          0.62392515,
          0.57955664,
          0,
          0.15532272,
          0.18420877,
          0.16364683,
          1
        ]
      },
      {
        "date" : 732489833.756741,
        "title" : "Untitled",
        "transform" : [
          0.7416102,
          -1.6058918e-08,
          -0.67083097,
          0,
          -0.41854838,
          0.78148407,
          -0.46270937,
          0,
          0.52424383,
          0.62392515,
          0.57955664,
          0,
          0.20632212,
          0.24469274,
          0.2173794,
          1
        ]
      }
    ]
  }
}