{
  "advancedEditorSelectedIdentifier" : "ShaderGraphEditorPluginID",
  "openSceneRelativePaths" : [
    "Scene.usda"
  ],
  "recentIdentifiers" : {
    "D66134B1-3681-4A8E-AFE5-29F257229F3B" : [

    ]
  },
  "sceneCameraHistory" : {
    "D66134B1-3681-4A8E-AFE5-29F257229F3B" : [
      {
        "date" : 733433697.019754,
        "title" : "Untitled",
        "transform" : [
          0.10813151,
          1.7663247e-08,
          0.9941367,
          0,
          0.26198873,
          0.9646502,
          -0.028496368,
          0,
          -0.95899415,
          0.26353395,
          0.1043091,
          0,
          -0.4212573,
          0.21024714,
          -0.19927488,
          1
        ]
      },
      {
        "date" : 733433660.185914,
        "title" : "Untitled",
        "transform" : [
          -0.075776994,
          2.0470312e-08,
          0.99712485,
          0,
          0.61609286,
          0.7862808,
          0.046820246,
          0,
          -0.7840201,
          0.6178694,
          -0.059581984,
          0,
          -0.39936277,
          0.4718312,
          -0.29038697,
          1
        ]
      },
      {
        "date" : 733431469.448672,
        "title" : "Untitled",
        "transform" : [
          -0.075776994,
          2.0470312e-08,
          0.99712485,
          0,
          0.61609286,
          0.7862808,
          0.046820246,
          0,
          -0.7840201,
          0.6178694,
          -0.059581984,
          0,
          -0.46398225,
          0.40393198,
          -0.14420108,
          1
        ]
      },
      {
        "date" : 733431466.932792,
        "title" : "Untitled",
        "transform" : [
          -0.075776994,
          2.0470312e-08,
          0.99712485,
          0,
          0.61609286,
          0.7862808,
          0.046820246,
          0,
          -0.7840201,
          0.6178694,
          -0.059581984,
          0,
          -0.4639821,
          0.40393203,
          -0.14420113,
          1
        ]
      },
      {
        "date" : 733431437.642282,
        "title" : "Untitled",
        "transform" : [
          -0.07577698,
          1.9425386e-08,
          0.99712485,
          0,
          0.61609286,
          0.78628075,
          0.04682018,
          0,
          -0.7840199,
          0.6178695,
          -0.05958204,
          0,
          -0.3072319,
          0.295977,
          -0.21112952,
          1
        ]
      },
      {
        "date" : 733431434.950208,
        "title" : "Untitled",
        "transform" : [
          -0.07577698,
          1.9425386e-08,
          0.99712485,
          0,
          0.61609286,
          0.78628075,
          0.04682018,
          0,
          -0.7840199,
          0.6178695,
          -0.05958204,
          0,
          -0.30927953,
          0.29812953,
          -0.16186294,
          1
        ]
      },
      {
        "date" : 733431429.071313,
        "title" : "Untitled",
        "transform" : [
          -0.07577698,
          1.9425386e-08,
          0.99712485,
          0,
          0.61609286,
          0.78628075,
          0.04682018,
          0,
          -0.7840199,
          0.6178695,
          -0.05958204,
          0,
          -0.2861073,
          0.32611418,
          -0.17657597,
          1
        ]
      },
      {
        "date" : 733431400.678649,
        "title" : "Untitled",
        "transform" : [
          -0.07577698,
          1.9425386e-08,
          0.99712485,
          0,
          0.61609286,
          0.78628075,
          0.04682018,
          0,
          -0.7840199,
          0.6178695,
          -0.05958204,
          0,
          -0.38247666,
          0.2757906,
          -0.032231875,
          1
        ]
      },
      {
        "date" : 733158462.078322,
        "title" : "Untitled",
        "transform" : [
          -0.07577698,
          1.9425386e-08,
          0.99712485,
          0,
          0.61609286,
          0.78628075,
          0.04682018,
          0,
          -0.7840199,
          0.6178695,
          -0.05958204,
          0,
          -0.25479245,
          0.18372197,
          -0.021471737,
          1
        ]
      },
      {
        "date" : 733158460.437177,
        "title" : "Untitled",
        "transform" : [
          -0.07577698,
          1.9425386e-08,
          0.99712485,
          0,
          0.61609286,
          0.78628075,
          0.04682018,
          0,
          -0.78402,
          0.61786956,
          -0.059582047,
          0,
          -0.307487,
          0.22171819,
          -0.025912387,
          1
        ]
      }
    ]
  }
}