{
  "advancedEditorSelectedIdentifier" : "ShaderGraphEditorPluginID",
  "openSceneRelativePaths" : [
    "Scene.usda"
  ],
  "recentIdentifiers" : {
    "D66134B1-3681-4A8E-AFE5-29F257229F3B" : [

    ]
  },
  "sceneCameraHistory" : {
    "D66134B1-3681-4A8E-AFE5-29F257229F3B" : [
      {
        "date" : 733473313.793365,
        "title" : "Untitled",
        "transform" : [
          -0.25361612,
          1.4218036e-08,
          0.967305,
          0,
          0.3885242,
          0.91579044,
          0.10186649,
          0,
          -0.8858486,
          0.40165633,
          -0.23225923,
          0,
          -0.3084861,
          0.17639244,
          -0.28622153,
          1
        ]
      },
      {
        "date" : 733473312.159044,
        "title" : "Untitled",
        "transform" : [
          -0.25361612,
          1.4218036e-08,
          0.967305,
          0,
          0.3885242,
          0.91579044,
          0.10186649,
          0,
          -0.8858486,
          0.40165633,
          -0.23225923,
          0,
          -0.30145594,
          0.2408217,
          -0.20161453,
          1
        ]
      },
      {
        "date" : 733473284.299776,
        "title" : "Untitled",
        "transform" : [
          -0.25407362,
          1.4218034e-08,
          0.96718484,
          0,
          0.38847598,
          0.91579044,
          0.10205026,
          0,
          -0.8857386,
          0.40165633,
          -0.23267823,
          0,
          -0.30749357,
          0.24572268,
          -0.20586306,
          1
        ]
      },
      {
        "date" : 733473281.567291,
        "title" : "Untitled",
        "transform" : [
          -0.25407362,
          1.4218034e-08,
          0.96718484,
          0,
          0.38847598,
          0.91579044,
          0.10205026,
          0,
          -0.8857386,
          0.40165633,
          -0.23267823,
          0,
          -0.45343906,
          0.3119046,
          -0.24420205,
          1
        ]
      },
      {
        "date" : 733473277.349309,
        "title" : "Untitled",
        "transform" : [
          -0.25407362,
          1.4218034e-08,
          0.96718484,
          0,
          0.38847598,
          0.91579044,
          0.10205026,
          0,
          -0.8857386,
          0.40165633,
          -0.23267823,
          0,
          -0.52492946,
          0.5326798,
          -0.78304386,
          1
        ]
      },
      {
        "date" : 733473271.482797,
        "title" : "Untitled",
        "transform" : [
          -0.39996538,
          1.4057873e-08,
          0.9165302,
          0,
          -0.06768087,
          0.99726975,
          -0.02953535,
          0,
          -0.9140278,
          -0.073844686,
          -0.3988734,
          0,
          -0.53359115,
          0.12419888,
          -0.9203841,
          1
        ]
      },
      {
        "date" : 733473269.417405,
        "title" : "Untitled",
        "transform" : [
          0.32061255,
          2.2240489e-08,
          0.94721043,
          0,
          0.24011305,
          0.9673367,
          -0.08127371,
          0,
          -0.9162714,
          0.25349492,
          0.31014028,
          0,
          -0.9449382,
          0.40981284,
          -0.31917843,
          1
        ]
      },
      {
        "date" : 733473267.903788,
        "title" : "Untitled",
        "transform" : [
          0.32061255,
          2.2240489e-08,
          0.94721043,
          0,
          0.24011305,
          0.9673367,
          -0.08127371,
          0,
          -0.9162715,
          0.25349495,
          0.3101403,
          0,
          -0.30775344,
          0.15695924,
          -0.094707355,
          1
        ]
      },
      {
        "date" : 733473266.049561,
        "title" : "Untitled",
        "transform" : [
          0.99999934,
          2.1111937e-08,
          0.0011111952,
          0,
          0.00036564982,
          0.94429314,
          -0.32910568,
          0,
          -0.0010492915,
          0.32910582,
          0.9442925,
          0,
          -0.1901181,
          0.17901611,
          0.29826555,
          1
        ]
      },
      {
        "date" : 733473261.253907,
        "title" : "Untitled",
        "transform" : [
          0.9124728,
          2.1104922e-08,
          0.40913728,
          0,
          0.19092287,
          0.88444346,
          -0.42580324,
          0,
          -0.36185876,
          0.4666475,
          0.80703056,
          0,
          -0.27109426,
          0.2180846,
          0.15899676,
          1
        ]
      }
    ]
  }
}