{
  "advancedEditorSelectedIdentifier" : "ShaderGraphEditorPluginID",
  "openSceneRelativePaths" : [
    "Scene.usda"
  ],
  "recentIdentifiers" : {
    "D66134B1-3681-4A8E-AFE5-29F257229F3B" : [

    ]
  },
  "sceneCameraHistory" : {
    "D66134B1-3681-4A8E-AFE5-29F257229F3B" : [
      {
        "date" : 732490457.332097,
        "title" : "Untitled",
        "transform" : [
          0.7416102,
          -1.6058918e-08,
          -0.67083097,
          0,
          -0.41854838,
          0.78148407,
          -0.46270937,
          0,
          0.52424383,
          0.62392515,
          0.57955664,
          0,
          0.15532272,
          0.18420877,
          0.16364683,
          1
        ]
      },
      {
        "date" : 732489833.756741,
        "title" : "Untitled",
        "transform" : [
          0.7416102,
          -1.6058918e-08,
          -0.67083097,
          0,
          -0.41854838,
          0.78148407,
          -0.46270937,
          0,
          0.52424383,
          0.62392515,
          0.57955664,
          0,
          0.20632212,
          0.24469274,
          0.2173794,
          1
        ]
      },
      {
        "date" : 732489798.972198,
        "title" : "Untitled",
        "transform" : [
          0.7416102,
          -1.6058918e-08,
          -0.67083097,
          0,
          -0.41854838,
          0.78148407,
          -0.46270937,
          0,
          0.52424383,
          0.62392515,
          0.57955664,
          0,
          0.20580594,
          0.24408057,
          0.21683557,
          1
        ]
      },
      {
        "date" : 732489736.094157,
        "title" : "Untitled",
        "transform" : [
          0.7416102,
          -1.6058918e-08,
          -0.67083097,
          0,
          -0.41854838,
          0.78148407,
          -0.46270937,
          0,
          0.52424383,
          0.62392515,
          0.57955664,
          0,
          0.21805768,
          0.2586108,
          0.2297439,
          1
        ]
      },
      {
        "date" : 732489723.411228,
        "title" : "Untitled",
        "transform" : [
          0.7416102,
          -1.6058918e-08,
          -0.67083097,
          0,
          -0.41854838,
          0.78148407,
          -0.46270937,
          0,
          0.52424383,
          0.62392515,
          0.57955664,
          0,
          0.109812,
          0.13023421,
          0.11569708,
          1
        ]
      },
      {
        "date" : 732489703.335711,
        "title" : "Untitled",
        "transform" : [
          0.7416102,
          -1.6058918e-08,
          -0.67083097,
          0,
          -0.41854838,
          0.78148407,
          -0.46270937,
          0,
          0.52424383,
          0.62392515,
          0.57955664,
          0,
          0.29367927,
          0.34829608,
          0.30941823,
          1
        ]
      },
      {
        "date" : 732489682.661271,
        "title" : "Untitled",
        "transform" : [
          0.7416102,
          -1.6058918e-08,
          -0.67083097,
          0,
          -0.41854838,
          0.78148407,
          -0.46270937,
          0,
          0.52424383,
          0.62392515,
          0.57955664,
          0,
          0.40475854,
          0.4800333,
          0.42645052,
          1
        ]
      },
      {
        "date" : 732489675.592682,
        "title" : "Untitled",
        "transform" : [
          0.7416102,
          -1.6058918e-08,
          -0.67083097,
          0,
          -0.41854838,
          0.78148407,
          -0.46270937,
          0,
          0.52424383,
          0.62392515,
          0.57955664,
          0,
          0.5805749,
          0.6885471,
          0.6116893,
          1
        ]
      },
      {
        "date" : 732489661.096435,
        "title" : "Untitled",
        "transform" : [
          0.7416102,
          -1.6058918e-08,
          -0.67083097,
          0,
          -0.41854838,
          0.78148407,
          -0.46270937,
          0,
          0.52424383,
          0.62392515,
          0.57955664,
          0,
          0.12705879,
          0.15068848,
          0.13386817,
          1
        ]
      },
      {
        "date" : 732489658.244446,
        "title" : "Untitled",
        "transform" : [
          0.7416102,
          -1.6058918e-08,
          -0.67083097,
          0,
          -0.41854838,
          0.78148407,
          -0.46270937,
          0,
          0.52424383,
          0.62392515,
          0.57955664,
          0,
          0.10986288,
          0.13029458,
          0.11575069,
          1
        ]
      }
    ]
  }
}