{
  "advancedEditorSelectedIdentifier" : "ShaderGraphEditorPluginID",
  "openSceneRelativePaths" : [
    "Scene.usda"
  ],
  "recentIdentifiers" : {
    "D66134B1-3681-4A8E-AFE5-29F257229F3B" : [

    ]
  },
  "sceneCameraHistory" : {
    "D66134B1-3681-4A8E-AFE5-29F257229F3B" : [
      {
        "date" : 733927307.604337,
        "title" : "Untitled",
        "transform" : [
          0.007922928,
          1.4225467e-08,
          0.99996865,
          0,
          0.4155154,
          0.9095802,
          -0.0032922367,
          0,
          -0.9095517,
          0.41552842,
          0.0072065163,
          0,
          -0.35225153,
          0.1609907,
          -0.08743545,
          1
        ]
      },
      {
        "date" : 733927299.40834,
        "title" : "Untitled",
        "transform" : [
          0.007922928,
          1.4225467e-08,
          0.99996865,
          0,
          0.4155154,
          0.9095802,
          -0.0032922367,
          0,
          -0.9095517,
          0.41552842,
          0.0072065163,
          0,
          -0.21759343,
          0.08400474,
          -0.0464105,
          1
        ]
      },
      {
        "date" : 733473313.793365,
        "title" : "Untitled",
        "transform" : [
          -0.25361612,
          1.4218036e-08,
          0.967305,
          0,
          0.3885242,
          0.91579044,
          0.10186649,
          0,
          -0.8858486,
          0.40165633,
          -0.23225923,
          0,
          -0.3084861,
          0.17639244,
          -0.28622153,
          1
        ]
      },
      {
        "date" : 733473312.159044,
        "title" : "Untitled",
        "transform" : [
          -0.25361612,
          1.4218036e-08,
          0.967305,
          0,
          0.3885242,
          0.91579044,
          0.10186649,
          0,
          -0.8858486,
          0.40165633,
          -0.23225923,
          0,
          -0.30145594,
          0.2408217,
          -0.20161453,
          1
        ]
      },
      {
        "date" : 733473284.299776,
        "title" : "Untitled",
        "transform" : [
          -0.25407362,
          1.4218034e-08,
          0.96718484,
          0,
          0.38847598,
          0.91579044,
          0.10205026,
          0,
          -0.8857386,
          0.40165633,
          -0.23267823,
          0,
          -0.30749357,
          0.24572268,
          -0.20586306,
          1
        ]
      },
      {
        "date" : 733473281.567291,
        "title" : "Untitled",
        "transform" : [
          -0.25407362,
          1.4218034e-08,
          0.96718484,
          0,
          0.38847598,
          0.91579044,
          0.10205026,
          0,
          -0.8857386,
          0.40165633,
          -0.23267823,
          0,
          -0.45343906,
          0.3119046,
          -0.24420205,
          1
        ]
      },
      {
        "date" : 733473277.349309,
        "title" : "Untitled",
        "transform" : [
          -0.25407362,
          1.4218034e-08,
          0.96718484,
          0,
          0.38847598,
          0.91579044,
          0.10205026,
          0,
          -0.8857386,
          0.40165633,
          -0.23267823,
          0,
          -0.52492946,
          0.5326798,
          -0.78304386,
          1
        ]
      },
      {
        "date" : 733473271.482797,
        "title" : "Untitled",
        "transform" : [
          -0.39996538,
          1.4057873e-08,
          0.9165302,
          0,
          -0.06768087,
          0.99726975,
          -0.02953535,
          0,
          -0.9140278,
          -0.073844686,
          -0.3988734,
          0,
          -0.53359115,
          0.12419888,
          -0.9203841,
          1
        ]
      },
      {
        "date" : 733473269.417405,
        "title" : "Untitled",
        "transform" : [
          0.32061255,
          2.2240489e-08,
          0.94721043,
          0,
          0.24011305,
          0.9673367,
          -0.08127371,
          0,
          -0.9162714,
          0.25349492,
          0.31014028,
          0,
          -0.9449382,
          0.40981284,
          -0.31917843,
          1
        ]
      },
      {
        "date" : 733473267.903788,
        "title" : "Untitled",
        "transform" : [
          0.32061255,
          2.2240489e-08,
          0.94721043,
          0,
          0.24011305,
          0.9673367,
          -0.08127371,
          0,
          -0.9162715,
          0.25349495,
          0.3101403,
          0,
          -0.30775344,
          0.15695924,
          -0.094707355,
          1
        ]
      }
    ]
  }
}