{
  "advancedEditorSelectedIdentifier" : "ShaderGraphEditorPluginID",
  "openSceneRelativePaths" : [
    "Scene.usda"
  ],
  "recentIdentifiers" : {
    "D66134B1-3681-4A8E-AFE5-29F257229F3B" : [

    ]
  },
  "sceneCameraHistory" : {
    "D66134B1-3681-4A8E-AFE5-29F257229F3B" : [
      {
        "date" : 738580711.155018,
        "title" : "Untitled",
        "transform" : [
          0.005695265,
          -5.118544e-09,
          0.99998385,
          0,
          0.4155217,
          0.90958023,
          -0.0023665428,
          0,
          -0.9095655,
          0.41552845,
          0.005180321,
          0,
          -0.518039,
          0.25384343,
          -0.09817625,
          1
        ]
      },
      {
        "date" : 738580698.907101,
        "title" : "Untitled",
        "transform" : [
          0.005695197,
          1.4225467e-08,
          0.9999838,
          0,
          0.41552168,
          0.9095802,
          -0.002366551,
          0,
          -0.90956545,
          0.41552842,
          0.005180216,
          0,
          -0.28009164,
          0.20214987,
          -0.08216636,
          1
        ]
      },
      {
        "date" : 738580676.870133,
        "title" : "Untitled",
        "transform" : [
          0.005695197,
          1.4225467e-08,
          0.9999838,
          0,
          0.41552168,
          0.9095802,
          -0.002366551,
          0,
          -0.90956545,
          0.41552842,
          0.005180216,
          0,
          -0.26378685,
          0.23716632,
          -0.028121345,
          1
        ]
      },
      {
        "date" : 738580663.070915,
        "title" : "Untitled",
        "transform" : [
          0.005695197,
          1.4225467e-08,
          0.9999838,
          0,
          0.41552168,
          0.9095802,
          -0.002366551,
          0,
          -0.90956545,
          0.41552842,
          0.005180216,
          0,
          -0.19327389,
          0.1737693,
          -0.020604217,
          1
        ]
      },
      {
        "date" : 738580642.788442,
        "title" : "Untitled",
        "transform" : [
          0.005695197,
          1.4225467e-08,
          0.9999838,
          0,
          0.41552168,
          0.9095802,
          -0.002366551,
          0,
          -0.90956545,
          0.41552842,
          0.005180216,
          0,
          -0.3534946,
          0.16164863,
          -0.0885805,
          1
        ]
      },
      {
        "date" : 733998133.013411,
        "title" : "Untitled",
        "transform" : [
          0.005695197,
          1.4225467e-08,
          0.9999838,
          0,
          0.41552168,
          0.9095802,
          -0.002366551,
          0,
          -0.90956545,
          0.41552842,
          0.005180216,
          0,
          -0.2796021,
          0.12785852,
          -0.070064135,
          1
        ]
      },
      {
        "date" : 733927307.604337,
        "title" : "Untitled",
        "transform" : [
          0.007922928,
          1.4225467e-08,
          0.99996865,
          0,
          0.4155154,
          0.9095802,
          -0.0032922367,
          0,
          -0.9095517,
          0.41552842,
          0.0072065163,
          0,
          -0.35225153,
          0.1609907,
          -0.08743545,
          1
        ]
      },
      {
        "date" : 733927299.40834,
        "title" : "Untitled",
        "transform" : [
          0.007922928,
          1.4225467e-08,
          0.99996865,
          0,
          0.4155154,
          0.9095802,
          -0.0032922367,
          0,
          -0.9095517,
          0.41552842,
          0.0072065163,
          0,
          -0.21759343,
          0.08400474,
          -0.0464105,
          1
        ]
      },
      {
        "date" : 733473313.793365,
        "title" : "Untitled",
        "transform" : [
          -0.25361612,
          1.4218036e-08,
          0.967305,
          0,
          0.3885242,
          0.91579044,
          0.10186649,
          0,
          -0.8858486,
          0.40165633,
          -0.23225923,
          0,
          -0.3084861,
          0.17639244,
          -0.28622153,
          1
        ]
      },
      {
        "date" : 733473312.159044,
        "title" : "Untitled",
        "transform" : [
          -0.25361612,
          1.4218036e-08,
          0.967305,
          0,
          0.3885242,
          0.91579044,
          0.10186649,
          0,
          -0.8858486,
          0.40165633,
          -0.23225923,
          0,
          -0.30145594,
          0.2408217,
          -0.20161453,
          1
        ]
      }
    ]
  }
}