{
  "advancedEditorSelectedIdentifier" : "ShaderGraphEditorPluginID",
  "openSceneRelativePaths" : [
    "Scene.usda"
  ],
  "recentIdentifiers" : {
    "D66134B1-3681-4A8E-AFE5-29F257229F3B" : [

    ]
  },
  "sceneCameraHistory" : {
    "D66134B1-3681-4A8E-AFE5-29F257229F3B" : [
      {
        "date" : 733158462.078322,
        "title" : "Untitled",
        "transform" : [
          -0.07577698,
          1.9425386e-08,
          0.99712485,
          0,
          0.61609286,
          0.78628075,
          0.04682018,
          0,
          -0.7840199,
          0.6178695,
          -0.05958204,
          0,
          -0.25479245,
          0.18372197,
          -0.021471737,
          1
        ]
      },
      {
        "date" : 733158460.437177,
        "title" : "Untitled",
        "transform" : [
          -0.07577698,
          1.9425386e-08,
          0.99712485,
          0,
          0.61609286,
          0.78628075,
          0.04682018,
          0,
          -0.78402,
          0.61786956,
          -0.059582047,
          0,
          -0.307487,
          0.22171819,
          -0.025912387,
          1
        ]
      },
      {
        "date" : 733158453.670201,
        "title" : "Untitled",
        "transform" : [
          0.99980855,
          2.0361162e-08,
          0.01957017,
          0,
          0.008576348,
          0.89885753,
          -0.43815705,
          0,
          -0.017590862,
          0.43824112,
          0.89868534,
          0,
          -0.0069497176,
          0.112694345,
          0.25872397,
          1
        ]
      },
      {
        "date" : 733158362.631714,
        "title" : "Untitled",
        "transform" : [
          -0.22003146,
          1.4807134e-08,
          0.9754928,
          0,
          0.5957328,
          0.79186267,
          0.13437296,
          0,
          -0.77245617,
          0.61069936,
          -0.1742347,
          0,
          -0.23736574,
          0.17182799,
          -0.055581834,
          1
        ]
      },
      {
        "date" : 733158352.263599,
        "title" : "Untitled",
        "transform" : [
          -0.22003146,
          1.4807134e-08,
          0.9754928,
          0,
          0.5957328,
          0.79186267,
          0.13437296,
          0,
          -0.77245617,
          0.61069936,
          -0.1742347,
          0,
          -0.278123,
          0.20133197,
          -0.0651256,
          1
        ]
      },
      {
        "date" : 733158212.106036,
        "title" : "Untitled",
        "transform" : [
          -0.22003146,
          1.4807134e-08,
          0.9754928,
          0,
          0.5957328,
          0.79186267,
          0.13437296,
          0,
          -0.77245617,
          0.61069936,
          -0.1742347,
          0,
          -0.0666339,
          0.048235975,
          -0.01560307,
          1
        ]
      },
      {
        "date" : 733091191.841771,
        "title" : "Untitled",
        "transform" : [
          -0.22049287,
          1.4807134e-08,
          0.9753886,
          0,
          0.59566915,
          0.79186267,
          0.13465475,
          0,
          -0.7723737,
          0.61069936,
          -0.17460008,
          0,
          -0.27870712,
          0.20177716,
          -0.06540145,
          1
        ]
      },
      {
        "date" : 733091181.561527,
        "title" : "Untitled",
        "transform" : [
          -0.22049287,
          1.4807134e-08,
          0.9753886,
          0,
          0.59566915,
          0.79186267,
          0.13465475,
          0,
          -0.7723737,
          0.61069936,
          -0.17460008,
          0,
          -0.28288507,
          0.2048019,
          -0.06638185,
          1
        ]
      },
      {
        "date" : 733091170.602143,
        "title" : "Untitled",
        "transform" : [
          -0.22049287,
          1.4807134e-08,
          0.9753886,
          0,
          0.59566915,
          0.79186267,
          0.13465475,
          0,
          -0.7723737,
          0.61069936,
          -0.17460008,
          0,
          -0.25907192,
          0.18756177,
          -0.060793854,
          1
        ]
      },
      {
        "date" : 733091076.331028,
        "title" : "Untitled",
        "transform" : [
          -0.22049287,
          1.4807134e-08,
          0.9753886,
          0,
          0.59566915,
          0.79186267,
          0.13465475,
          0,
          -0.7723737,
          0.61069936,
          -0.17460008,
          0,
          -0.30056894,
          0.21760459,
          -0.070531555,
          1
        ]
      }
    ]
  }
}