{
  "advancedEditorSelectedIdentifier" : "ShaderGraphEditorPluginID",
  "openSceneRelativePaths" : [
    "Scene.usda"
  ],
  "recentIdentifiers" : {
    "D66134B1-3681-4A8E-AFE5-29F257229F3B" : [

    ]
  },
  "sceneCameraHistory" : {
    "D66134B1-3681-4A8E-AFE5-29F257229F3B" : [
      {
        "date" : 733091191.841771,
        "title" : "Untitled",
        "transform" : [
          -0.22049287,
          1.4807134e-08,
          0.9753886,
          0,
          0.59566915,
          0.79186267,
          0.13465475,
          0,
          -0.7723737,
          0.61069936,
          -0.17460008,
          0,
          -0.27870712,
          0.20177716,
          -0.06540145,
          1
        ]
      },
      {
        "date" : 733091181.561527,
        "title" : "Untitled",
        "transform" : [
          -0.22049287,
          1.4807134e-08,
          0.9753886,
          0,
          0.59566915,
          0.79186267,
          0.13465475,
          0,
          -0.7723737,
          0.61069936,
          -0.17460008,
          0,
          -0.28288507,
          0.2048019,
          -0.06638185,
          1
        ]
      },
      {
        "date" : 733091170.602143,
        "title" : "Untitled",
        "transform" : [
          -0.22049287,
          1.4807134e-08,
          0.9753886,
          0,
          0.59566915,
          0.79186267,
          0.13465475,
          0,
          -0.7723737,
          0.61069936,
          -0.17460008,
          0,
          -0.25907192,
          0.18756177,
          -0.060793854,
          1
        ]
      },
      {
        "date" : 733091076.331028,
        "title" : "Untitled",
        "transform" : [
          -0.22049287,
          1.4807134e-08,
          0.9753886,
          0,
          0.59566915,
          0.79186267,
          0.13465475,
          0,
          -0.7723737,
          0.61069936,
          -0.17460008,
          0,
          -0.30056894,
          0.21760459,
          -0.070531555,
          1
        ]
      },
      {
        "date" : 733091073.147979,
        "title" : "Untitled",
        "transform" : [
          -0.22049287,
          1.4807134e-08,
          0.9753886,
          0,
          0.5956691,
          0.79186255,
          0.13465473,
          0,
          -0.7723737,
          0.61069936,
          -0.17460008,
          0,
          -0.29564178,
          0.21403746,
          -0.06937535,
          1
        ]
      },
      {
        "date" : 733091046.229179,
        "title" : "Untitled",
        "transform" : [
          -0.2565556,
          1.4878435e-08,
          0.9665295,
          0,
          0.5841651,
          0.7966852,
          0.15506066,
          0,
          -0.7700197,
          0.60439456,
          -0.20439406,
          0,
          -0.294495,
          0.21162033,
          -0.08073769,
          1
        ]
      },
      {
        "date" : 733091042.231157,
        "title" : "Untitled",
        "transform" : [
          -0.2565556,
          1.4878435e-08,
          0.9665295,
          0,
          0.5841651,
          0.7966852,
          0.15506066,
          0,
          -0.7700197,
          0.60439456,
          -0.20439406,
          0,
          -0.3026712,
          0.21749565,
          -0.08297925,
          1
        ]
      },
      {
        "date" : 733091021.910164,
        "title" : "Untitled",
        "transform" : [
          -0.19497304,
          9.504333e-09,
          0.9808086,
          0,
          0.6959677,
          0.7046192,
          0.13834995,
          0,
          -0.69109654,
          0.70958567,
          -0.13738178,
          0,
          -0.2745546,
          0.25913358,
          -0.057177972,
          1
        ]
      },
      {
        "date" : 733090989.276005,
        "title" : "Untitled",
        "transform" : [
          -0.19497304,
          9.504333e-09,
          0.9808086,
          0,
          0.6959677,
          0.7046192,
          0.13834995,
          0,
          -0.69109654,
          0.70958567,
          -0.13738178,
          0,
          -0.21325247,
          0.20127462,
          -0.04441136,
          1
        ]
      },
      {
        "date" : 733089956.026347,
        "title" : "Untitled",
        "transform" : [
          -0.19497304,
          9.504333e-09,
          0.9808086,
          0,
          0.6959677,
          0.7046192,
          0.13834995,
          0,
          -0.69109654,
          0.70958567,
          -0.13738178,
          0,
          -0.22689912,
          0.21415475,
          -0.047253367,
          1
        ]
      }
    ]
  }
}